n 0 728.0 298.0 2 100.0
n 1 984.0 676.0 2 100.0
n 2 760.0 304.0 2 100.0
n 3 209.0 499.0 4 100.0
n 4 588.0 281.0 1 100.0
n 5 1019.0 483.0 2 100.0
n 6 393.0 67.0 4 100.0
n 7 1120.0 363.0 3 100.0
n 8 279.0 85.0 1 100.0
n 9 956.0 369.0 3 100.0
n 10 922.0 458.0 1 100.0
n 11 1151.0 155.0 2 100.0
n 12 352.0 184.0 1 100.0
n 13 1085.0 81.0 3 100.0
n 14 220.0 208.0 4 100.0
n 15 249.0 237.0 4 100.0
n 16 949.0 512.0 3 100.0
n 17 951.0 600.0 3 100.0
n 18 833.0 103.0 3 100.0
n 19 215.0 262.0 4 100.0
n 20 1120.0 253.0 2 100.0
n 21 645.0 81.0 4 100.0
n 22 915.0 227.0 1 100.0
n 23 300.0 278.0 2 100.0
n 24 205.0 347.0 1 100.0
n 25 973.0 411.0 4 100.0
n 26 764.0 300.0 3 100.0
n 27 627.0 185.0 2 100.0
n 28 802.0 138.0 2 100.0
n 29 501.0 498.0 2 100.0
n 30 583.0 470.0 2 100.0
n 31 255.0 124.0 3 100.0
n 32 834.0 616.0 2 100.0
n 33 769.0 52.0 2 100.0
n 34 1045.0 359.0 2 100.0
n 35 255.0 415.0 4 100.0
n 36 1069.0 325.0 2 100.0
n 37 471.0 483.0 2 100.0
n 38 981.0 259.0 1 100.0
n 39 807.0 134.0 4 100.0
n 40 250.0 666.0 4 100.0
n 41 300.0 426.0 1 100.0
n 42 699.0 58.0 1 100.0
n 43 254.0 248.0 4 100.0
n 44 348.0 444.0 1 100.0
n 45 554.0 226.0 4 100.0
n 46 903.0 654.0 3 100.0
n 47 781.0 312.0 2 100.0
n 48 407.0 594.0 1 100.0
n 49 215.0 173.0 1 100.0
n 50 598.0 537.0 2 100.0
n 51 920.0 646.0 2 100.0
n 52 514.0 648.0 3 100.0
n 53 1024.0 456.0 2 100.0
n 54 217.0 241.0 1 100.0
n 55 857.0 331.0 3 100.0
n 56 217.0 421.0 3 100.0
n 57 764.0 551.0 2 100.0
n 58 566.0 669.0 2 100.0
n 59 407.0 621.0 4 100.0
n 60 1152.0 209.0 1 100.0
n 61 895.0 631.0 3 100.0
n 62 490.0 417.0 3 100.0
n 63 329.0 464.0 2 100.0
n 64 791.0 361.0 2 100.0
n 65 300.0 408.0 1 100.0
n 66 817.0 561.0 2 100.0
n 67 672.0 136.0 4 100.0
n 68 903.0 633.0 2 100.0
n 69 535.0 574.0 4 100.0
n 70 357.0 578.0 4 100.0
n 71 965.0 608.0 3 100.0
n 72 559.0 652.0 4 100.0
n 73 828.0 494.0 4 100.0
n 74 397.0 532.0 3 100.0
n 75 1056.0 419.0 2 100.0
n 76 1148.0 665.0 2 100.0
n 77 705.0 541.0 2 100.0
n 78 454.0 303.0 1 100.0
n 79 1175.0 517.0 2 100.0
n 80 318.0 666.0 1 100.0
n 81 1066.0 141.0 4 100.0
n 82 496.0 627.0 1 100.0
n 83 331.0 113.0 2 100.0
n 84 710.0 610.0 2 100.0
n 85 280.0 580.0 1 100.0
n 86 370.0 54.0 4 100.0
n 87 1139.0 613.0 2 100.0
n 88 1081.0 657.0 2 100.0
n 89 768.0 615.0 1 100.0
n 90 276.0 613.0 2 100.0
n 91 646.0 236.0 1 100.0
n 92 1084.0 641.0 2 100.0
n 93 623.0 637.0 1 100.0
n 94 1083.0 317.0 2 100.0
n 95 354.0 147.0 1 100.0
n 96 372.0 346.0 2 100.0
n 97 523.0 207.0 3 100.0
n 98 1151.0 501.0 3 100.0
n 99 468.0 195.0 1 100.0
a 0 757.0 615.0 3 120.0
a 1 951.0 128.0 3 120.0
a 2 578.0 574.0 3 120.0
a 3 854.0 575.0 4 120.0
a 4 1134.0 112.0 2 120.0
a 5 511.0 122.0 2 120.0
a 6 593.0 556.0 1 120.0
a 7 637.0 250.0 4 120.0
a 8 355.0 263.0 2 120.0
a 9 1051.0 164.0 1 120.0
a 10 675.0 66.0 3 120.0
a 11 843.0 500.0 1 120.0
a 12 638.0 535.0 4 120.0
a 13 684.0 80.0 1 120.0
a 14 346.0 584.0 1 120.0
a 15 748.0 282.0 3 120.0
a 16 761.0 475.0 1 120.0
a 17 1103.0 75.0 2 120.0
a 18 494.0 411.0 4 120.0
a 19 302.0 349.0 3 120.0
b 0 907.0 558.0
