n 0 1052.0 599.0 4 100.0
n 1 565.0 582.0 1 100.0
n 2 311.0 417.0 4 100.0
n 3 1151.0 328.0 4 100.0
n 4 204.0 123.0 3 100.0
n 5 1155.0 431.0 1 100.0
n 6 1062.0 650.0 1 100.0
n 7 701.0 158.0 3 100.0
n 8 833.0 550.0 4 100.0
n 9 1158.0 507.0 1 100.0
n 0 1087.0 198.0 1 100.0
a 0 468.0 129.0 2 120.0
a 1 940.0 166.0 2 120.0
a 2 603.0 340.0 3 120.0
a 3 565.0 420.0 4 120.0
a 4 538.0 270.0 2 120.0
a 5 957.0 426.0 2 120.0
a 6 1018.0 518.0 1 120.0
a 7 747.0 287.0 1 120.0
a 8 1014.0 225.0 1 120.0
a 9 856.0 163.0 4 120.0
b 0 928.0 540.0
